millis;X;Y;Z
15911;337;339;420
16162;513;507;605
16413;514;507;605
16665;514;507;605
16916;514;507;605
17167;514;508;605
17419;514;507;605
17670;514;508;605
17921;514;507;605
18172;514;507;605
18423;514;508;605
18674;543;498;606
18926;513;507;605
19177;513;507;605
19428;514;507;605
19680;535;505;607
19931;576;484;608
20182;587;445;534
20433;576;464;440
20684;505;492;419
20935;469;507;409
21187;480;504;420
21438;478;496;408
21689;476;496;403
21941;459;488;421
22192;484;476;410
22443;469;471;408
22694;462;486;417
22945;476;403;473
23196;487;406;528
23448;491;452;610
23699;510;435;604
23950;476;531;577
24202;513;507;605
24453;510;524;603
24704;513;513;606
24955;512;511;605
25206;515;507;605
25457;515;507;605
25708;515;507;605
25960;515;507;605
26211;515;507;605
26462;515;508;605
26714;515;507;605
26964;515;507;605
27215;515;507;605
27467;514;507;605
27718;515;507;605
27969;515;507;605
28221;515;507;605
28472;515;507;605
28723;515;507;605
28975;515;507;605
29225;515;507;605
29476;515;507;605
29728;515;507;606
29979;515;507;605
30230;514;508;605
30482;515;507;605
30733;515;507;605
30984;514;507;605
31236;515;507;605
31486;515;507;606
31737;514;507;605
31989;515;507;605
32240;514;507;605
