millis;X;Y;Z
14061;336;341;418
14312;513;512;605
14564;514;511;605
14815;513;512;605
15066;514;512;605
15318;513;512;605
15568;515;512;605
15819;514;512;605
16071;514;512;605
16322;514;512;605
16573;514;512;605
16825;514;512;605
17076;514;512;605
17327;514;512;605
17579;514;512;605
17829;514;512;604
18080;514;512;605
18332;514;512;605
18583;514;512;604
18834;513;511;605
19086;515;511;607
19337;515;459;597
19588;511;425;578
19840;510;400;549
20090;510;384;508
20341;510;388;512
20592;510;388;512
20844;511;388;511
21095;511;388;512
21346;511;388;512
21598;511;388;512
21849;511;388;512
22099;511;388;511
22351;511;388;512
22602;511;388;512
22853;511;388;511
23105;511;383;508
23356;513;407;558
23607;513;449;592
23859;513;514;606
24110;514;516;605
24360;504;516;605
24612;514;515;605
24863;514;515;604
25114;514;515;604
25366;514;515;605
25617;514;516;604
25868;514;516;605
26120;514;515;606
26371;514;515;604
26621;515;515;603
26873;514;515;604
27124;514;515;605
27375;514;515;604
27627;514;515;605
27878;514;515;605
28129;514;515;604
28381;514;515;605
28632;514;515;605
28882;514;515;605
29134;514;515;604
29385;514;515;605
29636;514;515;605
29888;514;516;605
30139;514;515;605
30390;514;515;605
30642;515;516;605
30893;513;515;605
31143;514;515;604
31395;514;515;604
31646;514;515;605
31897;514;515;605
32149;514;515;604
32400;514;515;605
32651;514;515;605
