millis;X;Y;Z
6609;336;344;419
6861;513;515;605
7112;514;515;605
7363;514;516;604
7614;513;515;604
7866;514;516;605
8117;514;515;605
8368;514;515;604
8620;515;515;604
8870;514;516;605
9121;514;515;605
9372;514;515;604
9624;514;515;605
9875;527;520;612
10126;513;516;605
10378;513;516;604
10629;514;515;605
10880;513;515;605
11130;521;543;591
11382;513;578;579
11633;513;599;558
11884;512;616;522
12136;517;621;507
12387;513;618;499
12638;512;616;493
12890;513;617;491
13140;512;617;492
13391;512;616;492
13643;512;617;492
13894;513;617;494
14145;513;617;496
14397;513;617;497
14648;513;617;495
14899;512;617;496
15151;513;617;497
15401;513;617;496
15652;513;617;495
15904;513;617;495
16155;512;618;495
16406;513;616;520
16658;512;585;573
16909;524;524;611
17160;512;516;604
17412;506;516;606
17662;513;516;605
17913;513;515;605
18165;513;516;605
18416;513;515;604
18667;513;515;605
18919;514;515;605
19170;513;515;605
19421;513;516;606
19673;514;515;605
19923;513;516;605
20174;513;515;605
20426;514;515;605
20677;514;516;605
20928;513;515;604
21180;514;515;605
21431;513;515;605
21682;514;515;605
21934;514;515;605
22184;513;515;605
22435;514;515;605
22686;513;515;604
22938;513;515;605
23189;513;515;604
23440;513;515;604
23692;514;515;605
23943;513;515;605
24194;514;515;604
24445;513;515;605
24696;514;516;605
24947;513;515;605
25199;514;515;605
25450;513;515;605
25701;513;515;604
25953;513;515;605
26204;513;515;605
26455;513;515;604
26706;514;515;605
26957;514;515;604
27208;514;515;605
27460;513;515;605
27711;514;515;605
27962;514;515;605
28214;514;515;605
