millis;X;Y;Z
5551;336;341;422
5801;515;510;605
6052;515;510;605
6304;514;511;605
6555;514;510;605
6806;513;511;604
7057;515;511;605
7309;514;511;605
7560;515;511;605
7811;515;511;605
8062;524;511;603
8313;556;509;600
8564;585;507;588
8815;617;506;546
9067;620;504;533
9318;631;499;500
9569;626;502;505
9820;627;501;504
10072;626;501;506
10322;626;502;507
10573;626;501;505
10825;626;502;507
11076;626;501;505
11327;626;501;506
11579;626;501;506
11830;626;502;506
12081;626;501;506
12333;626;502;506
12583;626;502;509
12834;625;502;522
13086;595;507;571
13337;538;511;595
13588;514;511;605
13840;515;511;605
14091;515;511;605
14342;515;511;605
14594;515;511;605
14844;514;511;605
15095;515;511;605
15347;515;511;605
15598;514;511;605
15849;515;511;605
16101;515;511;605
16352;514;511;604
16603;514;511;607
16855;515;511;605
17105;514;511;605
17356;514;511;605
17608;515;512;605
17859;514;512;605
18110;515;511;605
18361;515;511;605
18613;515;511;605
18864;515;511;604
19115;515;511;605
19366;515;511;605
19617;514;511;605
19868;515;511;605
20120;515;511;605
20371;515;511;605
20622;515;511;605
20874;515;510;605
21125;515;510;605
