millis;X;Y;Z
5552;336;341;421
5803;514;511;605
6054;515;511;605
6305;515;511;605
6556;515;511;605
6807;515;511;605
7059;515;511;605
7310;515;511;605
7561;513;518;605
7812;513;517;604
8064;513;517;606
8314;478;515;590
8565;430;511;469
8817;406;510;449
9068;401;505;438
9319;397;502;416
9570;396;501;413
9822;396;501;413
10073;396;501;414
10323;397;501;417
10575;396;501;417
10826;395;500;413
11077;395;500;411
11329;396;501;412
11580;395;500;410
11831;396;500;409
12082;396;500;407
12334;396;500;406
12584;396;501;409
12835;403;507;422
13087;442;514;455
13338;512;515;605
13589;513;518;605
13841;513;518;604
14092;513;517;604
14343;514;517;604
14595;513;517;604
14845;513;517;604
15096;513;517;604
15348;513;517;604
15599;513;517;605
15850;514;517;605
16102;513;517;604
16353;514;517;604
16604;514;517;605
16856;513;517;605
17106;514;518;605
17357;514;518;605
17609;514;517;604
17860;515;517;604
18111;511;516;604
18363;514;517;605
18614;513;517;604
18865;514;517;604
19117;513;517;604
19367;513;517;605
19618;513;517;605
19870;514;517;604
20121;513;518;604
20372;514;517;604
20624;513;517;604
20875;514;517;605
