millis;X;Y;Z
14932;336;343;417
15183;513;516;604
15435;514;516;605
15686;512;516;606
15937;514;516;604
16189;513;516;605
16440;513;516;604
16691;514;516;605
16942;514;515;604
17193;514;516;604
17444;513;517;603
17695;506;515;604
17947;508;516;604
18198;510;518;604
18449;512;517;604
18701;513;517;604
18952;513;518;604
19203;513;518;604
19454;512;523;605
19705;513;514;604
19956;513;519;604
20208;513;516;604
20459;513;519;604
20710;513;517;604
20962;513;517;604
21213;513;517;604
21464;513;517;604
21715;513;518;605
21966;512;516;604
22217;513;517;604
22469;513;518;604
22720;513;517;605
22971;510;518;604
23223;534;507;606
23474;518;513;604
23725;512;516;604
23976;513;516;604
24227;513;516;604
24478;513;516;604
24730;513;516;604
24981;513;516;604
25232;512;516;604
25484;514;516;604
25735;513;516;604
25986;512;516;604
26237;514;516;604
26488;513;516;605
26739;513;517;605
26991;513;516;605
27242;513;516;604
27493;513;516;604
27745;513;516;605
27996;513;516;605
28247;513;516;604
28498;513;516;605
28749;514;516;605
29000;513;516;605
29251;513;516;605
29503;513;516;605
