millis;X;Y;Z
13469;336;346;420
13721;513;518;604
13972;513;518;605
14223;513;518;604
14475;513;518;604
14726;513;518;604
14977;513;519;604
15228;513;519;604
15479;513;518;604
15730;512;518;604
15982;513;518;604
16233;513;519;605
16484;512;518;604
16736;513;518;605
16987;512;518;604
17238;513;518;604
17489;512;519;605
17740;516;520;604
17991;513;520;604
18243;512;518;604
18494;512;519;604
18745;511;519;605
18997;512;517;604
19248;511;518;604
19499;513;519;604
19750;510;518;604
20001;510;519;604
20252;511;519;604
20504;511;519;604
20755;511;519;604
21006;511;519;604
21258;511;519;604
21509;511;519;604
21760;510;519;604
22011;511;519;604
22262;510;519;604
22513;510;519;604
22765;510;520;604
23016;511;521;604
23267;509;521;604
23519;511;520;604
23770;511;520;604
24020;512;520;604
24272;512;521;604
24523;511;521;604
24774;513;520;604
25025;509;523;604
25277;507;521;604
25528;513;518;605
25779;512;520;604
26031;511;518;604
26281;511;518;604
26532;507;517;604
26784;513;519;604
27035;512;519;604
27286;512;518;604
27538;512;519;604
27789;513;519;604
28040;513;518;604
28292;513;518;604
28542;513;518;604
28793;513;518;605
29045;513;518;604
29296;512;518;604
29547;513;518;604
29799;513;519;604
30050;513;518;605
30301;512;518;604
30553;513;518;605
30803;512;518;604
31054;513;518;604
31306;512;518;604
31557;513;518;604
31808;513;518;604
32060;510;521;606
